3.0 3.0
2.0 2.0
3.0 6.0
2.0 4.0
3.0 6.0
2.0 4.0
3.0 6.0
2.0 4.0
3.2 6.0
2.1 4.2
3.2 6.0
2.1 4.2
3.2 6.0
2.1 4.2
3.2 6.0
2.1 4.2
3.2 6.0
2.1 4.2
3.2 6.0
2.1 4.2
3.2 6.0
2.1 4.2
3.2 6.0
2.1 4.2
3.2 6.0
2.1 4.2
3.2 6.0
2.1 4.2
3.2 6.0
2.1 4.2
3.2 6.0
2.1 4.2
3.2 6.0
2.1 4.2
3.2 6.0
2.1 4.2
3.2 6.0
2.1 4.2
3.2 6.0
2.1 4.2
3.2 6.0
2.1 4.2
3.2 6.0
2.1 4.2
3.2 6.0
2.1 4.2
3.2 6.0
2.1 4.2
3.2 6.0
2.1 4.2
3.2 6.0
2.1 4.2
3.2 6.0
2.1 4.2
3.2 6.0
2.1 4.2
3.2 6.0
2.1 4.2
3.2 6.0
2.1 4.2
3.2 6.0
2.1 4.2
3.2 6.0
2.1 4.2
3.2 6.0
2.1 4.2
3.2 6.0
2.1 4.2
3.2 6.0
2.1 4.2
3.2 6.0
2.1 4.2
3.2 6.0
2.1 4.2
3.2 6.0
2.1 4.2
3.2 6.0
2.1 4.2
3.2 6.0
2.1 4.2
3.2 6.0
2.1 4.2
3.2 6.0
2.1 4.2
3.2 6.0
2.1 4.2
3.2 6.0
2.1 4.2
3.2 6.0
2.1 4.2
3.2 6.0
2.1 4.2
3.2 6.0
2.1 4.2
3.2 6.0
2.1 4.2
3.2 6.0
2.1 4.2
3.2 6.0
2.1 4.2
3.2 6.0
2.1 4.2
3.2 6.0
2.1 4.2
3.2 6.0
2.1 4.2
3.2 6.0
2.1 4.2
3.2 6.0
2.1 4.2
3.2 6.0
2.1 4.2
3.2 6.0
2.1 4.2
3.2 6.0
2.1 4.2
3.2 6.0
2.1 4.2
3.2 6.0
2.1 4.2
3.2 6.0
2.1 4.2
3.2 6.0
2.1 4.2
3.2 6.0
2.1 4.2
3.2 6.0
2.1 4.2
3.2 6.0
2.1 4.2
3.2 6.0
2.1 4.2
3.2 6.0
2.1 4.2
3.2 6.0
2.1 4.2
3.2 6.0
2.1 4.2
3.2 6.0
2.1 4.2
3.2 6.0
2.1 4.2
3.2 6.0
2.1 4.2
3.2 6.0
2.1 4.2
3.2 6.0
2.1 4.2
3.2 6.0
2.1 4.2
3.2 6.0
